receptor = 1OS5_protein.pdbqt
ligand = XH1. pdbqt 
center_x = 17.6200008392334
center_y = 33.689998626708984
center_z = 70.91000366210938
size_x = 40
size_y = 58
size_z = 40
out = smina_dock_pose. pdbqt