receptor = 3GNW_protein.pdbqt
ligand = XNC. pdbqt 
center_x = 24.649999618530273
center_y = -1.0099999904632568
center_z = 45.869998931884766
size_x = 76
size_y = 52
size_z = 60
out = smina_dock_pose. pdbqt